1 0.161904762 0.172222222 0.1125 0.142857143 0.174311927 0.272727273 0.306818182 0.197916667 0.121428571 0.213333333 0.201086957 0.604651163 0.203045685 0.163934426 0.174863388 0.214611872 0.227488152 0.202702703 0.202643172 0.279661017 0.17 0.231818182 0.176470588 0.164473684 0.126213592 0.213270142 0.169811321 0.213636364 0.224299065 0.222857143 0.39673913 0.29245283 0.902912621 0.620689655 0.149253731 0.52173913 0.192546584 0.122093023 0.175 0.82300885 0.327956989 0.431192661 0.147208122 0.349753695 0.311688312 0.920792079 0.274390244 0.522058824 1 0.168888889 0.211981567 0.134831461 0.28436019 0.158119658 0.277108434 0.776859504 0.127272727 0.143518519 0.231132075 0.210762332 0.210762332 0.141414141 0.61682243 0.134969325 0.2 0.147783251 0.145251397 0.423076923 0.25862069 0.328502415 0.138888889 0.184466019 0.6 0.32972973 0.645390071 0.196891192 0.135746606 0.175757576 0.129807692 0.247191011 0.432926829 0.195555556 0.752475248 0.606060606 0.647058824 0.306220096 0.152046784 0.133928571 0.135294118 0.231818182 0.165714286 0.125 0.783333333 0.204545455 0.182795699 0.578947368 0.145454545 0.647058824 0.735849057 0.217213115 0.120300752 0.613207547 0.172774869 0.401574803 0.129464286 0.152941176 0.776859504 0.17679558 0.173410405 0.604651163 0.131221719 0.163793103 0.307189542 0.167664671 0.183333333 0.23364486 0.24537037 0.177419355 0.584745763 0.225274725 0.216589862
0.161904762 1 0.134920635 0.195652174 0.148148148 0.153846154 0.108433735 0.08 0.157142857 0.098765432 0.138888889 0.159090909 0.07751938 0.076433121 0.106870229 0.080882353 0.118644068 0.110465116 0.134020619 0.151685393 0.257575758 0.152777778 0.097297297 0.170068027 0.159574468 0.179856115 0.125748503 0.146496815 0.111731844 0.536585366 0.114503817 0.111764706 0.131147541 0.163636364 0.237113402 0.124137931 0.289156627 0.192307692 0.179245283 0.188118812 0.221238938 0.104938272 0.099099099 0.112676056 0.101604278 0.196428571 0.177570093 0.068181818 0.230088496 0.161904762 0.120689655 0.107954545 0.063492063 0.140449438 0.109289617 0.066666667 0.139534884 0.156862745 0.11875 0.109195402 0.10989011 0.086021505 0.136690647 0.105263158 0.181818182 0.148148148 0.153846154 0.132231405 0.110465116 0.063380282 0.112903226 0.145833333 0.128205128 0.076923077 0.141025641 0.163120567 0.147887324 0.122699387 0.076923077 0.151724138 0.062068966 0.063694268 0.098360656 0.101010101 0.099236641 0.084745763 0.114130435 0.162162162 0.120481928 0.077586207 0.115384615 0.088 0.166666667 0.131782946 0.107692308 0.196850394 0.100775194 0.163461538 0.084745763 0.094339623 0.106280193 0.095238095 0.107526882 0.164179104 0.170212766 0.121212121 0.084745763 0.139534884 0.106870229 0.153846154 0.07751938 0.12345679 0.10989011 0.073170732 0.144144144 0.298245614 0.107344633 0.104395604 0.444444444 0.239583333 0.139705882 0.12
0.172222222 0.134920635 1 0.363013699 0.306748466 0.146153846 0.338235294 0.242574257 0.307291667 0.163398693 0.441176471 0.359550562 0.169230769 0.277227723 0.352601156 0.296703297 0.502617801 0.497326203 0.317880795 0.434146341 0.255474453 0.48255814 0.286343612 0.403225806 0.269230769 0.39010989 0.357843137 0.408376963 0.432835821 0.206349206 0.335227273 0.241071429 0.179104478 0.205555556 0.18079096 0.518072289 0.187878788 0.275449102 0.35443038 0.38410596 0.176165803 0.34 0.417021277 0.395480226 0.293859649 0.267045455 0.181318681 0.173469388 0.175257732 0.172222222 0.518716578 0.279279279 0.211956522 0.280701754 0.520833333 0.245989305 0.216494845 0.277777778 0.585798817 0.305555556 0.426470588 0.270742358 0.411428571 0.134502924 0.303797468 0.322981366 0.558282209 0.248618785 0.25 0.263157895 0.298245614 0.161290323 0.299019608 0.168367347 0.296116505 0.193396226 0.35483871 0.462365591 0.28742515 0.505882353 0.246153846 0.219047619 0.312217195 0.131428571 0.219895288 0.179347826 0.306666667 0.345679012 0.455026455 0.273809524 0.489795918 0.315789474 0.442622951 0.198979592 0.266304348 0.393063584 0.228723404 0.206896552 0.179347826 0.126373626 0.347457627 0.443438914 0.136094675 0.432748538 0.228395062 0.457446809 0.315151515 0.216494845 0.238095238 0.391304348 0.169230769 0.464864865 0.484693878 0.214285714 0.309090909 0.189781022 0.30733945 0.30044843 0.3046875 0.175141243 0.386363636 0.507936508
0.1125 0.195652174 0.363013699 1 0.153846154 0.094339623 0.111111111 0.084577114 0.211111111 0.082089552 0.180995475 0.135869565 0.077348066 0.147959184 0.189349112 0.16 0.302564103 0.228855721 0.152777778 0.236966825 0.139344262 0.275862069 0.097457627 0.252747253 0.137931034 0.383647799 0.150943396 0.229166667 0.294416244 0.265957447 0.122222222 0.103603604 0.086956522 0.15 0.113924051 0.280701754 0.147887324 0.224489796 0.846938776 0.892473118 0.114942529 0.129807692 0.310043668 0.244186047 0.11965812 0.151515152 0.12345679 0.070652174 0.147058824 0.1125 0.293814433 0.135746606 0.073446328 0.15625 0.288557214 0.075268817 0.115384615 0.137254902 0.284153005 0.147465438 0.29 0.093220339 0.215909091 0.066225166 0.253623188 0.208053691 0.407643312 0.122093023 0.102678571 0.07253886 0.11440678 0.121212121 0.171717172 0.076923077 0.158415842 0.111111111 0.196721311 0.320441989 0.083333333 0.359756098 0.071428571 0.077294686 0.122270742 0.078431373 0.123595506 0.082352941 0.115384615 0.241610738 0.315217391 0.083832335 0.295 0.170731707 0.358823529 0.10989011 0.176470588 0.253012048 0.125 0.149350649 0.082352941 0.075 0.338028169 0.248908297 0.067114094 0.23255814 0.144827586 0.316939891 0.171974522 0.115384615 0.168604651 0.19375 0.077348066 0.322222222 0.303030303 0.08045977 0.203947368 0.140350877 0.110132159 0.107758621 0.34 0.129032258 0.134408602 0.305699482
0.142857143 0.148148148 0.306748466 0.153846154 1 0.06557377 0.435028249 0.341040462 0.372781065 0.485981308 0.439790576 0.476821192 0.194285714 0.448484848 0.482758621 0.466216216 0.403141361 0.44198895 0.538461538 0.432291667 0.167938931 0.583892617 0.4 0.522012579 0.772277228 0.49044586 0.441340782 0.633986928 0.494444444 0.127118644 0.565217391 0.335051546 0.07751938 0.164705882 0.1875 0.543046358 0.187919463 0.527559055 0.153846154 0.151515152 0.162011173 0.431034483 0.353448276 0.509933775 0.38 0.47826087 0.152941176 0.361290323 0.154696133 0.142857143 0.424731183 0.440217391 0.299363057 0.4 0.4 0.35443038 0.219101124 0.620689655 0.464705882 0.429347826 0.486338798 0.446808511 0.480519481 0.129032258 0.406015038 0.716814159 0.516129032 0.556390977 0.331632653 0.323353293 0.36453202 0.077586207 0.556962025 0.2 0.425287356 0.21875 0.484076433 0.462427746 0.370629371 0.5 0.317647059 0.295081967 0.418848168 0.11875 0.23699422 0.185628743 0.41025641 0.592 0.454545455 0.291390728 0.392857143 0.440559441 0.493902439 0.220338983 0.539568345 0.656716418 0.247058824 0.632478632 0.185628743 0.113772455 0.328888889 0.363636364 0.130718954 0.614285714 0.25 0.440677966 0.445255474 0.219101124 0.535714286 0.767241379 0.194285714 0.448275862 0.32038835 0.37414966 0.628099174 0.210084034 0.437837838 0.426315789 0.193548387 0.159509202 0.470588235 0.414893617
0.174311927 0.153846154 0.146153846 0.094339623 0.06557377 1 0.091954023 0.12 0.090909091 0.144578313 0.082051282 0.104166667 0.150793651 0.114649682 0.086330935 0.085106383 0.073684211 0.11299435 0.195876289 0.065656566 0.289855072 0.055214724 0.1 0.072289157 0.074766355 0.082802548 0.077777778 0.050847458 0.073298429 0.189655172 0.101449275 0.089385475 0.363636364 0.165217391 0.177570093 0.076433121 0.20212766 0.06557377 0.100840336 0.166666667 0.152 0.101190476 0.082251082 0.086092715 0.081632653 0.09375 0.168141593 0.130769231 0.178861789 0.174311927 0.080645161 0.080645161 0.147540984 0.105820106 0.077319588 0.153846154 0.141791045 0.087719298 0.088235294 0.105555556 0.072164948 0.083333333 0.058064516 0.193548387 0.078947368 0.074380165 0.055555556 0.125984252 0.106741573 0.180451128 0.081218274 0.742857143 0.096385542 0.149606299 0.088757396 0.125827815 0.104575163 0.073863636 0.157894737 0.061349693 0.203007519 0.123376623 0.089473684 0.197916667 0.145038168 0.165217391 0.082051282 0.097560976 0.072625698 0.212962963 0.071794872 0.109375 0.058479532 0.142857143 0.094890511 0.067567568 0.138461538 0.104347826 0.165217391 0.184466019 0.063348416 0.077625571 0.172043011 0.058823529 0.148514851 0.073033708 0.098360656 0.141791045 0.102189781 0.076335878 0.150793651 0.074285714 0.130434783 0.12195122 0.099173554 0.230769231 0.091891892 0.10106383 0.105263158 0.179245283 0.110344828 0.074468085
0.272727273 0.108433735 0.338235294 0.111111111 0.435028249 0.091954023 1 0.544973545 0.613259669 0.311377246 0.515837104 0.521505376 0.331683168 0.472906404 0.553672316 0.465608466 0.457777778 0.479262673 0.363636364 0.565420561 0.267857143 0.389671362 0.707692308 0.385321101 0.365714286 0.330316742 0.614213198 0.377777778 0.502283105 0.122093023 0.559322034 0.533653846 0.16374269 0.264705882 0.256281407 0.362790698 0.281081081 0.35106383 0.118421053 0.131221719 0.307317073 0.601036269 0.406015038 0.432835821 0.58490566 0.442622951 0.292929293 0.404145078 0.299516908 0.272727273 0.431718062 0.477272727 0.32 0.460526316 0.570754717 0.548022599 0.357843137 0.393258427 0.45754717 0.656410256 0.495495495 0.456140351 0.339534884 0.21761658 0.260204082 0.426966292 0.347031963 0.397905759 0.535885167 0.561111111 0.74611399 0.101190476 0.436619718 0.336633663 0.579487179 0.386792453 0.457711443 0.372807018 0.422222222 0.343891403 0.551912568 0.523076923 0.638613861 0.238341969 0.349753695 0.323076923 0.810810811 0.463276836 0.367965368 0.356382979 0.460526316 0.46961326 0.337719298 0.359605911 0.530726257 0.453608247 0.346534653 0.300518135 0.323076923 0.23 0.581497797 0.463414634 0.239361702 0.422885572 0.363636364 0.369565217 0.457627119 0.357843137 0.527777778 0.488764045 0.331683168 0.374449339 0.424892704 0.463687151 0.404371585 0.221556886 0.654822335 0.638613861 0.11827957 0.245 0.696428571 0.468468468
0.306818182 0.08 0.242574257 0.084577114 0.341040462 0.12 0.544973545 1 0.436170213 0.407142857 0.541871921 0.388297872 0.41954023 0.489247312 0.49704142 0.424581006 0.457142857 0.444444444 0.453333333 0.429223744 0.273333333 0.298578199 0.570707071 0.352657005 0.391025641 0.271028037 0.48 0.309090909 0.35840708 0.117647059 0.597484277 0.507614213 0.195945946 0.296703297 0.225806452 0.368686869 0.221590909 0.325714286 0.088785047 0.106796117 0.287958115 0.526595745 0.338403042 0.323383085 0.460465116 0.449101796 0.3 0.616883117 0.273195876 0.306818182 0.311688312 0.352678571 0.457831325 0.382222222 0.394618834 0.787234043 0.408839779 0.313953488 0.328703704 0.482758621 0.35371179 0.422018349 0.272727273 0.314814815 0.264044944 0.372781065 0.252293578 0.331521739 0.525510204 0.628930818 0.52173913 0.131944444 0.434343434 0.425287356 0.395121951 0.387755102 0.32195122 0.270742358 0.509677419 0.238738739 0.607361963 0.589595376 0.545 0.307228916 0.431818182 0.413173653 0.54950495 0.309392265 0.267241379 0.484076433 0.439814815 0.386363636 0.246696035 0.380434783 0.37704918 0.326530612 0.436781609 0.440251572 0.413173653 0.302325581 0.434042553 0.385245902 0.335443038 0.32 0.354037267 0.252136752 0.380116959 0.408839779 0.421348315 0.35 0.41954023 0.255411255 0.390134529 0.568627451 0.390532544 0.197368421 0.583333333 0.568527919 0.087719298 0.207446809 0.529069767 0.461538462
0.197916667 0.157142857 0.307291667 0.211111111 0.372781065 0.090909091 0.613259669 0.436170213 1 0.262820513 0.469483568 0.50867052 0.24120603 0.442708333 0.653594771 0.473988439 0.403669725 0.397196262 0.329268293 0.469483568 0.290540541 0.336585366 0.547263682 0.352657005 0.331288344 0.353233831 0.533678756 0.321100917 0.408256881 0.171232877 0.494117647 0.455882353 0.149350649 0.204081633 0.212765957 0.302884615 0.272189349 0.356725146 0.213541667 0.219251337 0.236180905 0.479381443 0.34351145 0.511363636 0.481132075 0.423529412 0.212435233 0.345945946 0.266666667 0.197916667 0.402777778 0.402777778 0.315217391 0.426605505 0.488038278 0.448275862 0.294416244 0.403726708 0.420792079 0.559585492 0.402714932 0.365638767 0.33 0.139037433 0.331360947 0.380952381 0.338235294 0.35359116 0.451456311 0.430939227 0.544117647 0.101351351 0.365384615 0.24 0.422885572 0.339901478 0.404145078 0.347222222 0.360465116 0.341463415 0.423913043 0.388888889 0.545 0.154255319 0.272727273 0.248677249 0.55721393 0.50955414 0.342465753 0.346820809 0.394618834 0.534591195 0.33490566 0.282828283 0.536585366 0.413043478 0.275510204 0.279329609 0.248677249 0.148717949 0.54587156 0.414225941 0.14673913 0.353846154 0.329268293 0.344036697 0.532467532 0.294416244 0.505952381 0.404624277 0.24120603 0.348837209 0.462264151 0.403508772 0.374269006 0.246575342 0.482926829 0.471428571 0.1625 0.227027027 0.65408805 0.413953488
0.121428571 0.098765432 0.163398693 0.082089552 0.485981308 0.144578313 0.311377246 0.407142857 0.262820513 1 0.31147541 0.314685315 0.234042553 0.387755102 0.333333333 0.368421053 0.28021978 0.298850575 0.559139785 0.276595745 0.145631068 0.348993289 0.322222222 0.38 0.6 0.317880795 0.304093567 0.319018405 0.285714286 0.101123596 0.403100775 0.30994152 0.094736842 0.116438356 0.123188406 0.404255319 0.126984127 0.485981308 0.081081081 0.076388889 0.108974359 0.320987654 0.223684211 0.304054054 0.275132275 0.444444444 0.118055556 0.491525424 0.144736842 0.121428571 0.243243243 0.306818182 0.43220339 0.300546448 0.233160622 0.467213115 0.205298013 0.416666667 0.266272189 0.341176471 0.281081081 0.281081081 0.304054054 0.157024793 0.381818182 0.485981308 0.307189542 0.495652174 0.306358382 0.419847328 0.260416667 0.184210526 0.379084967 0.241134752 0.306748466 0.198795181 0.294117647 0.260115607 0.47706422 0.286624204 0.421052632 0.364864865 0.325842697 0.133858268 0.226027397 0.21641791 0.276595745 0.378151261 0.255681818 0.441441441 0.272727273 0.346456693 0.272727273 0.214765101 0.3984375 0.385185185 0.229166667 0.591836735 0.21641791 0.126865672 0.245283019 0.238317757 0.159663866 0.374100719 0.25 0.257142857 0.347107438 0.205298013 0.451612903 0.440677966 0.234042553 0.261627907 0.247368421 0.464912281 0.542857143 0.238636364 0.335260116 0.325842697 0.107843137 0.1 0.310344828 0.290502793
0.213333333 0.138888889 0.441176471 0.180995475 0.439790576 0.082051282 0.515837104 0.541871921 0.469483568 0.31147541 1 0.504950495 0.244635193 0.509433962 0.533678756 0.419047619 0.630841121 0.71 0.366492147 0.78 0.193877551 0.625641026 0.594594595 0.745945946 0.405405405 0.451612903 0.58411215 0.614634146 0.502145923 0.138297872 0.538860104 0.434599156 0.089108911 0.24 0.25462963 0.602040816 0.211267606 0.375 0.179487179 0.193832599 0.256521739 0.534883721 0.484962406 0.417431193 0.519148936 0.417910448 0.231111111 0.397129187 0.255411255 0.213333333 0.524229075 0.400809717 0.357142857 0.475 0.580357143 0.475 0.307017544 0.37244898 0.549295775 0.528888889 0.495762712 0.46473029 0.52970297 0.179723502 0.307317073 0.470588235 0.526570048 0.384615385 0.43697479 0.424528302 0.54978355 0.08994709 0.506912442 0.248927039 0.462222222 0.3125 0.401785714 0.458515284 0.391959799 0.479069767 0.412037037 0.364806867 0.578475336 0.160714286 0.288209607 0.24 0.554585153 0.407035176 0.452586207 0.373134328 0.616438356 0.406862745 0.495412844 0.274678112 0.384976526 0.5 0.296460177 0.416666667 0.24 0.160869565 0.455938697 0.600840336 0.175925926 0.668478261 0.254807692 0.435897436 0.423469388 0.307017544 0.416267943 0.489583333 0.244635193 0.441558442 0.555066079 0.367149758 0.486631016 0.196808511 0.584474886 0.571428571 0.180412371 0.23853211 0.602094241 0.644549763
0.201086957 0.159090909 0.359550562 0.135869565 0.476821192 0.104166667 0.521505376 0.388297872 0.50867052 0.314685315 0.504950495 1 0.226804124 0.576470588 0.61589404 0.597402597 0.434782609 0.550802139 0.366013072 0.497536946 0.22972973 0.424731183 0.525252525 0.426315789 0.414965986 0.445054945 0.568306011 0.40201005 0.392523364 0.132867133 0.503067485 0.469387755 0.127516779 0.201058201 0.265895954 0.386243386 0.233532934 0.402515723 0.172774869 0.171122995 0.227979275 0.579545455 0.350393701 0.494186047 0.54040404 0.412121212 0.209677419 0.355932203 0.239583333 0.201086957 0.5 0.441176471 0.465408805 0.404651163 0.480392157 0.404624277 0.287958115 0.561151079 0.494623656 0.569892473 0.387096774 0.559585492 0.443820225 0.152542373 0.341614907 0.476821192 0.404255319 0.456790123 0.464646465 0.388888889 0.47826087 0.1 0.439790576 0.231958763 0.45026178 0.295566502 0.505747126 0.424242424 0.451612903 0.46961326 0.375 0.378238342 0.5 0.142857143 0.246153846 0.227027027 0.512437811 0.572413793 0.432160804 0.417721519 0.424528302 0.715328467 0.457446809 0.269430052 0.412790698 0.502994012 0.248704663 0.341463415 0.227027027 0.137566138 0.401709402 0.449339207 0.134831461 0.457142857 0.244047619 0.427135678 0.609929078 0.287958115 0.402298851 0.529411765 0.226804124 0.419191919 0.440191388 0.408536585 0.439490446 0.218309859 0.505102041 0.530612245 0.164473684 0.26744186 0.660130719 0.446078431
0.604651163 0.07751938 0.169230769 0.077348066 0.194285714 0.150793651 0.331683168 0.41954023 0.24120603 0.234042553 0.244635193 0.226804124 1 0.27 0.229946524 0.240641711 0.263392857 0.248868778 0.266233766 0.228813559 0.292307692 0.18957346 0.297297297 0.178899083 0.23566879 0.142201835 0.263888889 0.199095023 0.245614035 0.121212121 0.32 0.427083333 0.25203252 0.566176471 0.404109589 0.186602871 0.315068493 0.208092486 0.088082902 0.120218579 0.548611111 0.360824742 0.4 0.191176471 0.372641509 0.327272727 0.574626866 0.403726708 0.34939759 0.604651163 0.181434599 0.266968326 0.230337079 0.257641921 0.210084034 0.413580247 0.744360902 0.173410405 0.178571429 0.281105991 0.242424242 0.286995516 0.157142857 0.583333333 0.167630058 0.222222222 0.157407407 0.180851064 0.452631579 0.396449704 0.34562212 0.138211382 0.213953488 0.973684211 0.32160804 0.804347826 0.209756098 0.170305677 0.286585366 0.140271493 0.38150289 0.594936709 0.248908297 0.658119658 0.861788618 0.852173913 0.348837209 0.182320442 0.168103448 0.220930233 0.274336283 0.227777778 0.140350877 0.711111111 0.25136612 0.203045685 0.816 0.197674419 0.852173913 0.703389831 0.266129032 0.166666667 0.579831933 0.193069307 0.413043478 0.163793103 0.217142857 0.744360902 0.223404255 0.208791209 0.982300885 0.165938865 0.190871369 0.466216216 0.191011236 0.169117647 0.288990826 0.305936073 0.079470199 0.397260274 0.28342246 0.265765766
0.203045685 0.076433121 0.277227723 0.147959184 0.448484848 0.114649682 0.472906404 0.489247312 0.442708333 0.387755102 0.509433962 0.576470588 0.27 1 0.575757576 0.723684211 0.397321429 0.485436893 0.388888889 0.447963801 0.157894737 0.37745098 0.566502463 0.427860697 0.4 0.354368932 0.492610837 0.372093023 0.359307359 0.09202454 0.482954545 0.475728155 0.095238095 0.215 0.223958333 0.425641026 0.174603175 0.357954545 0.148325359 0.169154229 0.210526316 0.539267016 0.334572491 0.421875 0.521327014 0.391061453 0.217171717 0.462857143 0.22705314 0.203045685 0.347826087 0.377777778 0.509090909 0.426008969 0.376623377 0.45505618 0.27804878 0.420731707 0.348623853 0.701657459 0.354700855 0.561576355 0.325242718 0.202185792 0.247311828 0.457317073 0.314553991 0.473684211 0.464114833 0.430107527 0.418502203 0.118421053 0.46969697 0.275 0.429268293 0.273972603 0.356097561 0.307017544 0.417647059 0.317757009 0.430851064 0.431472081 0.504761905 0.178947368 0.301507538 0.25257732 0.461187215 0.478787879 0.303030303 0.454545455 0.382608696 0.684563758 0.312217195 0.266990291 0.514619883 0.412698413 0.297979798 0.404761905 0.25257732 0.172588832 0.398373984 0.408163265 0.184782609 0.396907216 0.243093923 0.293103448 0.630872483 0.27804878 0.556886228 0.453488372 0.27 0.296943231 0.37826087 0.444444444 0.5125 0.196202532 0.56281407 0.587939698 0.09039548 0.206185567 0.483516484 0.394618834
0.163934426 0.106870229 0.352601156 0.189349112 0.482758621 0.086330935 0.553672316 0.49704142 0.653594771 0.333333333 0.533678756 0.61589404 0.229946524 0.575757576 1 0.608108108 0.45959596 0.492063492 0.415492958 0.525773196 0.225352113 0.38172043 0.547368421 0.369791667 0.428571429 0.416666667 0.622093023 0.361809045 0.367924528 0.124087591 0.634482759 0.393034826 0.134751773 0.183783784 0.198863636 0.365591398 0.144508671 0.405228758 0.2 0.198863636 0.168367347 0.5 0.31372549 0.537037037 0.448780488 0.397515528 0.179347826 0.348837209 0.173469388 0.163934426 0.474226804 0.361904762 0.442307692 0.348623853 0.555555556 0.525974026 0.272727273 0.536764706 0.508379888 0.535135135 0.362790698 0.45049505 0.431034483 0.14619883 0.350649351 0.503496503 0.368983957 0.425 0.389162562 0.49382716 0.505050505 0.097744361 0.390625 0.235294118 0.386597938 0.243902439 0.451428571 0.397959184 0.466216216 0.409836066 0.475903614 0.365079365 0.561497326 0.136363636 0.27027027 0.230337079 0.517948718 0.582733813 0.391959799 0.44 0.448275862 0.681481481 0.4 0.234375 0.477987421 0.437869822 0.273224044 0.341772152 0.230337079 0.131147541 0.502347418 0.507042254 0.147928994 0.411428571 0.233128834 0.38 0.724409449 0.272727273 0.475 0.477124183 0.229946524 0.385786802 0.45049505 0.39375 0.463087248 0.195652174 0.456852792 0.445544554 0.126666667 0.2 0.744680851 0.471794872
0.174863388 0.080882353 0.296703297 0.16 0.466216216 0.085106383 0.465608466 0.424581006 0.473988439 0.368421053 0.419047619 0.597402597 0.240641711 0.723684211 0.608108108 1 0.399038462 0.479166667 0.460431655 0.432692308 0.157894737 0.377659574 0.48 0.352040816 0.412587413 0.331606218 0.478947368 0.351485149 0.351851852 0.090909091 0.512658228 0.424242424 0.08 0.188172043 0.196629213 0.347368421 0.176470588 0.382165605 0.147368421 0.183333333 0.172588832 0.536723164 0.311284047 0.450867052 0.48019802 0.392638037 0.183783784 0.368421053 0.171717172 0.174863388 0.352112676 0.358490566 0.41875 0.3640553 0.38317757 0.410714286 0.256544503 0.43537415 0.353233831 0.554347826 0.347031963 0.520618557 0.328042328 0.157894737 0.265060241 0.466216216 0.323076923 0.455696203 0.42 0.410404624 0.421800948 0.088235294 0.401041667 0.245989305 0.426315789 0.247572816 0.354497354 0.308056872 0.46 0.326530612 0.403409091 0.397849462 0.434146341 0.147727273 0.274193548 0.227777778 0.432692308 0.489932886 0.303738318 0.388535032 0.389671362 0.775193798 0.31372549 0.244791667 0.538961039 0.424418605 0.277173913 0.329192547 0.227777778 0.142076503 0.393939394 0.334710744 0.139534884 0.383333333 0.237804878 0.305164319 0.782258065 0.256544503 0.515923567 0.470967742 0.240641711 0.30952381 0.340909091 0.433121019 0.456953642 0.176056338 0.497409326 0.523316062 0.096153846 0.177777778 0.493975904 0.402912621
0.214611872 0.118644068 0.502617801 0.302564103 0.403141361 0.073684211 0.457777778 0.457142857 0.403669725 0.28021978 0.630841121 0.434782609 0.263392857 0.397321429 0.45959596 0.399038462 1 0.618357488 0.365591398 0.654028436 0.194736842 0.55 0.422131148 0.519230769 0.413407821 0.473684211 0.52293578 0.514018692 0.497816594 0.156424581 0.576086957 0.435344828 0.097938144 0.230769231 0.23943662 0.598958333 0.18957346 0.374358974 0.293269231 0.313432836 0.226086957 0.461538462 0.533596838 0.398148148 0.452282158 0.39 0.221719457 0.338028169 0.204255319 0.214611872 0.661764706 0.361445783 0.311320755 0.366141732 0.577272727 0.461928934 0.293333333 0.316582915 0.623115578 0.398340249 0.49137931 0.406504065 0.404651163 0.202898551 0.331632653 0.417989418 0.626315789 0.313084112 0.43776824 0.432038835 0.519480519 0.081521739 0.40969163 0.267857143 0.393939394 0.294117647 0.376681614 0.459821429 0.40625 0.586734694 0.419047619 0.400900901 0.455696203 0.176744186 0.291479821 0.247706422 0.485106383 0.385786802 0.453744493 0.331683168 0.938547486 0.365853659 0.511848341 0.266375546 0.358490566 0.487437186 0.3 0.373056995 0.247706422 0.171171171 0.547717842 0.508064516 0.204878049 0.507537688 0.257425743 0.449339207 0.366834171 0.293333333 0.307692308 0.476190476 0.263392857 0.455357143 0.601851852 0.38 0.382653061 0.147368421 0.410788382 0.402439024 0.247191011 0.217592593 0.51010101 0.976744186
0.227488152 0.110465116 0.497326203 0.228855721 0.44198895 0.11299435 0.479262673 0.444444444 0.397196262 0.298850575 0.71 0.550802139 0.248868778 0.485436893 0.492063492 0.479166667 0.618357488 1 0.444444444 0.736040609 0.208791209 0.611702128 0.459227468 0.643617021 0.413793103 0.482758621 0.518691589 0.592964824 0.493333333 0.136363636 0.505319149 0.442477876 0.131868132 0.25 0.235576923 0.5 0.201970443 0.388297872 0.230046948 0.259803922 0.233183857 0.564356436 0.530120482 0.432038835 0.517699115 0.433862434 0.234741784 0.349514563 0.215859031 0.227488152 0.529953917 0.406779661 0.334975369 0.416666667 0.517857143 0.441025641 0.302752294 0.385869565 0.490566038 0.460176991 0.486842105 0.5 0.560846561 0.192118227 0.316062176 0.491428571 0.564766839 0.36318408 0.451327434 0.425742574 0.495652174 0.11627907 0.429223744 0.253393665 0.471962617 0.291845494 0.421800948 0.461187215 0.469273743 0.527638191 0.405797101 0.388127854 0.438297872 0.171428571 0.294930876 0.244131455 0.513274336 0.407407407 0.454954955 0.378947368 0.603773585 0.475675676 0.567839196 0.292237443 0.384236453 0.489690722 0.309859155 0.357894737 0.244131455 0.171296296 0.464 0.468 0.188118812 0.646067416 0.266666667 0.4375 0.440217391 0.302752294 0.355769231 0.486338798 0.248868778 0.443438914 0.576744186 0.393782383 0.442622951 0.159340659 0.493273543 0.48245614 0.14973262 0.219047619 0.528795812 0.632352941
0.202702703 0.134020619 0.317880795 0.152777778 0.538461538 0.195876289 0.363636364 0.453333333 0.329268293 0.559139785 0.366492147 0.366013072 0.266233766 0.388888889 0.415492958 0.460431655 0.365591398 0.444444444 1 0.366492147 0.287037037 0.423076923 0.308080808 0.407407407 0.601941748 0.341463415 0.355555556 0.388235294 0.385869565 0.166666667 0.507462687 0.35359116 0.213592233 0.25170068 0.205479452 0.422077922 0.21641791 0.512605042 0.16025641 0.181208054 0.190184049 0.374269006 0.310043668 0.417218543 0.316582915 0.496062992 0.205298013 0.417266187 0.196319018 0.202702703 0.328042328 0.349462366 0.34751773 0.328205128 0.328205128 0.428571429 0.284810127 0.45 0.358381503 0.345945946 0.379679144 0.336787565 0.380645161 0.201492537 0.429752066 0.5 0.372670807 0.440298507 0.364640884 0.468085106 0.315 0.21978022 0.423312883 0.272727273 0.360465116 0.257142857 0.377358491 0.357954545 0.542372881 0.359756098 0.448275862 0.37654321 0.317948718 0.18705036 0.342281879 0.260273973 0.331632653 0.434108527 0.351955307 0.436507937 0.356020942 0.391304348 0.350877193 0.286624204 0.470588235 0.454545455 0.356164384 0.539130435 0.260273973 0.178082192 0.30733945 0.276785714 0.204545455 0.452054795 0.317460317 0.353932584 0.393939394 0.284810127 0.446043165 0.515873016 0.266233766 0.36 0.323076923 0.457364341 0.487804878 0.226415094 0.369565217 0.35978836 0.155172414 0.182432432 0.379084967 0.37704918
0.202643172 0.151685393 0.434146341 0.236966825 0.432291667 0.065656566 0.565420561 0.429223744 0.469483568 0.276595745 0.78 0.497536946 0.228813559 0.447963801 0.525773196 0.432692308 0.654028436 0.736040609 0.366492147 1 0.193877551 0.601010101 0.5 0.647959184 0.390374332 0.492890995 0.569444444 0.568720379 0.528384279 0.144385027 0.530927835 0.428571429 0.089108911 0.22907489 0.260465116 0.488151659 0.216981132 0.381909548 0.232142857 0.248847926 0.256521739 0.513761468 0.519230769 0.430555556 0.512711864 0.403940887 0.231111111 0.303571429 0.25 0.202643172 0.544642857 0.389558233 0.295454545 0.416 0.677725118 0.43902439 0.29004329 0.365482234 0.542056075 0.457627119 0.521551724 0.458677686 0.492753623 0.163636364 0.29468599 0.447368421 0.549019608 0.36492891 0.419087137 0.404651163 0.598214286 0.072916667 0.409482759 0.233050847 0.46875 0.296296296 0.42081448 0.484444444 0.391959799 0.507109005 0.392694064 0.353191489 0.491525424 0.150442478 0.271551724 0.223684211 0.582222222 0.4 0.478070175 0.314285714 0.638888889 0.406862745 0.567307692 0.258474576 0.384976526 0.515 0.279475983 0.346534653 0.223684211 0.145922747 0.526104418 0.600840336 0.165137615 0.607329843 0.242857143 0.473684211 0.423469388 0.29004329 0.345454545 0.497382199 0.228813559 0.48 0.534782609 0.341232227 0.418367347 0.171875 0.470338983 0.460580913 0.180412371 0.25 0.585492228 0.668269231
0.279661017 0.257575758 0.255474453 0.139344262 0.167938931 0.289855072 0.267857143 0.273333333 0.290540541 0.145631068 0.193877551 0.22972973 0.292307692 0.157894737 0.225352113 0.157894737 0.194736842 0.208791209 0.287037037 0.193877551 1 0.147058824 0.195876289 0.155172414 0.189655172 0.162650602 0.212290503 0.142076503 0.1875 0.260273973 0.258992806 0.211111111 0.462686567 0.266129032 0.284482759 0.129411765 0.307692308 0.167938931 0.157894737 0.173228346 0.284615385 0.202312139 0.166666667 0.222222222 0.186868687 0.207407407 0.270491803 0.188811189 0.263157895 0.279661017 0.197860963 0.178947368 0.172661871 0.18974359 0.208333333 0.272058824 0.323308271 0.204918033 0.202312139 0.187165775 0.184615385 0.172588832 0.140243902 0.252336449 0.18699187 0.167938931 0.147928994 0.177304965 0.229050279 0.333333333 0.255319149 0.333333333 0.171428571 0.290076336 0.203488372 0.321917808 0.238709677 0.177777778 0.25 0.159763314 0.307142857 0.248407643 0.197916667 0.254545455 0.310606061 0.319327731 0.264864865 0.20610687 0.174863388 0.241935484 0.18974359 0.18705036 0.152542373 0.305970149 0.20979021 0.190789474 0.315384615 0.181102362 0.319327731 0.239316239 0.211267606 0.15625 0.257142857 0.149068323 0.349514563 0.175824176 0.180451128 0.323308271 0.183673469 0.188405797 0.292307692 0.17877095 0.228723404 0.229007634 0.155555556 0.337662338 0.184210526 0.179487179 0.202247191 0.286956522 0.286713287 0.196808511
0.17 0.152777778 0.48255814 0.275862069 0.583892617 0.055214724 0.389671362 0.298578199 0.336585366 0.348993289 0.625641026 0.424731183 0.18957346 0.37745098 0.38172043 0.377659574 0.55 0.611702128 0.423076923 0.601010101 0.147058824 1 0.375545852 0.75308642 0.545454545 0.559322034 0.470588235 0.802469136 0.594871795 0.174496644 0.433333333 0.325991189 0.071005917 0.2 0.208333333 0.71875 0.203296703 0.493670886 0.267379679 0.267759563 0.201923077 0.433497537 0.541125541 0.451612903 0.413333333 0.464285714 0.184079602 0.304123711 0.183962264 0.17 0.558375635 0.475961538 0.23 0.465116279 0.492890995 0.292929293 0.23923445 0.446540881 0.590163934 0.399082569 0.585858586 0.395555556 0.656441718 0.136125654 0.440251572 0.616438356 0.753164557 0.439306358 0.323144105 0.282926829 0.3930131 0.063694268 0.5 0.2 0.487179487 0.243243243 0.478494624 0.552631579 0.293478261 0.650887574 0.272727273 0.268181818 0.391111111 0.121827411 0.236714976 0.188118812 0.421524664 0.525316456 0.544041451 0.234375 0.536585366 0.340540541 0.64 0.240384615 0.462857143 0.670886076 0.245098039 0.429447853 0.188118812 0.123152709 0.391836735 0.443037975 0.131578947 0.835616438 0.261363636 0.538860104 0.340782123 0.23923445 0.39673913 0.657718121 0.195238095 0.547368421 0.440366972 0.318918919 0.562091503 0.192307692 0.419354839 0.40990991 0.258278146 0.184615385 0.435483871 0.563451777
0.231818182 0.097297297 0.286343612 0.097457627 0.4 0.1 0.707692308 0.570707071 0.547263682 0.322222222 0.594594595 0.525252525 0.297297297 0.566502463 0.547368421 0.48 0.422131148 0.459227468 0.308080808 0.5 0.195876289 0.375545852 1 0.433035714 0.357894737 0.343347639 0.604761905 0.370833333 0.443983402 0.104166667 0.512820513 0.522522523 0.106598985 0.225663717 0.228310502 0.392857143 0.254901961 0.31884058 0.100401606 0.116182573 0.25877193 0.6 0.374125874 0.389140271 0.599099099 0.429292929 0.244343891 0.494845361 0.28 0.231818182 0.387096774 0.47639485 0.451282051 0.49787234 0.478991597 0.510309278 0.321428571 0.37628866 0.407725322 0.772020725 0.43852459 0.4625 0.340611354 0.192488263 0.231481481 0.392857143 0.324894515 0.395121951 0.517857143 0.477832512 0.603603604 0.090909091 0.497695853 0.301801802 0.5 0.354978355 0.405405405 0.344129555 0.368159204 0.327731092 0.47804878 0.462962963 0.776649746 0.2 0.313901345 0.288372093 0.638888889 0.432989691 0.34 0.419689119 0.413654618 0.454081633 0.338842975 0.316964286 0.45049505 0.440191388 0.310810811 0.35678392 0.288372093 0.199095023 0.512 0.528225806 0.188679245 0.399082569 0.295 0.325396825 0.505434783 0.321428571 0.53125 0.463917526 0.297297297 0.329317269 0.421052632 0.471204188 0.422680412 0.225274725 0.760204082 0.785714286 0.107317073 0.212669683 0.652173913 0.43153527
0.176470588 0.170068027 0.403225806 0.252747253 0.522012579 0.072289157 0.385321101 0.352657005 0.352657005 0.38 0.745945946 0.426315789 0.178899083 0.427860697 0.369791667 0.352040816 0.519230769 0.643617021 0.407407407 0.647959184 0.155172414 0.75308642 0.433035714 1 0.483660131 0.584269663 0.423255814 0.702857143 0.516746411 0.152866242 0.389473684 0.323275862 0.068571429 0.205882353 0.214285714 0.713414634 0.216216216 0.449101796 0.246153846 0.246073298 0.213270142 0.427884615 0.521008403 0.415384615 0.396551724 0.456647399 0.190243902 0.363157895 0.229665072 0.176470588 0.497607656 0.422727273 0.279187817 0.493023256 0.439461883 0.303482587 0.238317757 0.43030303 0.5 0.453271028 0.509433962 0.361702128 0.604651163 0.126262626 0.36627907 0.561290323 0.694610778 0.448863636 0.320512821 0.28708134 0.394849785 0.08125 0.563829787 0.183486239 0.472636816 0.247787611 0.426395939 0.49009901 0.284210526 0.619318182 0.276995305 0.261061947 0.436936937 0.118226601 0.224299065 0.171428571 0.416666667 0.461538462 0.482926829 0.285714286 0.507042254 0.329842932 0.60989011 0.23943662 0.431693989 0.569767442 0.232227488 0.512658228 0.171428571 0.114285714 0.388 0.462184874 0.121827411 0.779220779 0.252747253 0.47804878 0.32972973 0.238317757 0.469273743 0.561728395 0.178899083 0.485148515 0.488372093 0.302083333 0.60130719 0.20754717 0.495238095 0.48372093 0.217391304 0.196969697 0.429319372 0.531707317
0.164473684 0.159574468 0.269230769 0.137931034 0.772277228 0.074766355 0.365714286 0.391025641 0.331288344 0.6 0.405405405 0.414965986 0.23566879 0.4 0.428571429 0.412587413 0.413407821 0.413793103 0.601941748 0.390374332 0.189655172 0.545454545 0.357894737 0.483660131 1 0.431372549 0.404624277 0.516129032 0.435028249 0.156862745 0.661157025 0.378531073 0.097345133 0.188311688 0.206896552 0.524475524 0.208955224 0.584070796 0.139240506 0.136363636 0.176829268 0.401197605 0.328888889 0.448979592 0.359375 0.549180328 0.175324675 0.430656934 0.168674699 0.164473684 0.373626374 0.420454545 0.330985915 0.365079365 0.35078534 0.411347518 0.24691358 0.544642857 0.409638554 0.377777778 0.427777778 0.38172043 0.448979592 0.167883212 0.457627119 0.657407407 0.486486486 0.488372093 0.374301676 0.364238411 0.329949239 0.089108911 0.462025316 0.242038217 0.378698225 0.244318182 0.443708609 0.408284024 0.4140625 0.441558442 0.348387097 0.353658537 0.376344086 0.146853147 0.275641026 0.22 0.361256545 0.520661157 0.401162791 0.323529412 0.402173913 0.384057971 0.4375 0.248447205 0.463235294 0.6171875 0.287581699 0.676190476 0.22 0.14 0.327102804 0.319444444 0.161764706 0.528985507 0.299212598 0.387283237 0.386363636 0.24691358 0.459854015 0.711711712 0.23566879 0.394117647 0.31122449 0.449612403 0.568965517 0.194444444 0.379120879 0.368983957 0.198198198 0.175675676 0.428571429 0.426136364
0.126213592 0.179856115 0.39010989 0.383647799 0.49044586 0.082802548 0.330316742 0.271028037 0.353233831 0.317880795 0.451612903 0.445054945 0.142201835 0.354368932 0.416666667 0.331606218 0.473684211 0.482758621 0.341463415 0.492890995 0.162650602 0.559322034 0.343347639 0.584269663 0.431372549 1 0.419047619 0.502590674 0.4784689 0.184931507 0.361702128 0.266949153 0.091463415 0.144230769 0.16751269 0.568965517 0.172972973 0.444444444 0.424242424 0.369047619 0.153488372 0.35046729 0.456790123 0.567251462 0.31120332 0.394285714 0.140096618 0.280612245 0.19138756 0.126213592 0.639784946 0.438679245 0.318918919 0.391111111 0.462616822 0.263681592 0.189814815 0.594405594 0.651428571 0.371040724 0.471698113 0.368421053 0.540229885 0.091370558 0.427672956 0.49044586 0.636904762 0.534161491 0.264705882 0.254807692 0.309917355 0.092715232 0.466666667 0.146788991 0.371428571 0.191304348 0.525139665 0.583783784 0.296703297 0.787096774 0.245283019 0.220264317 0.376106195 0.084158416 0.175925926 0.138755981 0.329113924 0.503144654 0.6 0.284153005 0.462616822 0.359116022 0.850649351 0.185185185 0.365591398 0.532163743 0.177570093 0.417177914 0.138755981 0.081339713 0.448717949 0.452991453 0.092307692 0.528735632 0.195652174 0.594594595 0.36 0.189814815 0.401098901 0.512345679 0.142201835 0.578378378 0.507246377 0.25388601 0.50955414 0.202614379 0.36 0.352173913 0.253333333 0.162436548 0.402116402 0.485436893
0.213270142 0.125748503 0.357843137 0.150943396 0.441340782 0.077777778 0.614213198 0.48 0.533678756 0.304093567 0.58411215 0.568306011 0.263888889 0.492610837 0.622093023 0.478947368 0.52293578 0.518691589 0.355555556 0.569444444 0.212290503 0.470588235 0.604761905 0.423255814 0.404624277 0.419047619 1 0.433789954 0.447826087 0.186746988 0.573033708 0.454954955 0.127777778 0.212962963 0.251231527 0.421052632 0.217171717 0.409836066 0.182648402 0.159817352 0.242009132 0.580808081 0.4 0.438423645 0.545454545 0.456521739 0.226415094 0.348039216 0.275700935 0.213270142 0.516129032 0.495454545 0.403141361 0.410041841 0.552995392 0.494623656 0.313084112 0.49112426 0.534313725 0.528037383 0.454545455 0.506726457 0.467336683 0.189054726 0.349462366 0.474285714 0.417061611 0.449197861 0.450892857 0.484375 0.557077626 0.086206897 0.490384615 0.268518519 0.464788732 0.324444444 0.530927835 0.467592593 0.502890173 0.447115385 0.469387755 0.387096774 0.675 0.168269231 0.281105991 0.253588517 0.591549296 0.520231214 0.461187215 0.348958333 0.511210762 0.459459459 0.437209302 0.28440367 0.425641026 0.537634409 0.277777778 0.335078534 0.253588517 0.168224299 0.557939914 0.497942387 0.185 0.457286432 0.29787234 0.45 0.471910112 0.313084112 0.395 0.563953488 0.263888889 0.456221198 0.493333333 0.392670157 0.434065934 0.181818182 0.527777778 0.515837104 0.164835165 0.234146341 0.7 0.534883721
0.169811321 0.146496815 0.408376963 0.229166667 0.633986928 0.050847458 0.377777778 0.309090909 0.321100917 0.319018405 0.614634146 0.40201005 0.199095023 0.372093023 0.361809045 0.351485149 0.514018692 0.592964824 0.388235294 0.568720379 0.142076503 0.802469136 0.370833333 0.702857143 0.516129032 0.502590674 0.433789954 1 0.5625 0.152439024 0.416666667 0.346153846 0.06557377 0.198113208 0.205882353 0.632768362 0.194871795 0.436781609 0.224390244 0.223880597 0.2 0.438679245 0.491935484 0.42 0.431034483 0.477272727 0.183098592 0.328358209 0.177777778 0.169811321 0.486111111 0.5 0.220657277 0.412017167 0.436681223 0.285714286 0.235294118 0.418604651 0.50990099 0.369098712 0.55450237 0.464285714 0.604519774 0.143564356 0.372881356 0.582278481 0.653409091 0.406417112 0.343220339 0.259090909 0.364754098 0.058479532 0.502487562 0.20361991 0.475728155 0.25 0.430693069 0.5 0.272727273 0.56684492 0.25 0.273913043 0.3625 0.119047619 0.232876712 0.181395349 0.414529915 0.457142857 0.492822967 0.218446602 0.481981982 0.316582915 0.592592593 0.236363636 0.483516484 0.588571429 0.240740741 0.444444444 0.181395349 0.125581395 0.349809886 0.407114625 0.139303483 0.843137255 0.248677249 0.473933649 0.316062176 0.235294118 0.382653061 0.601226994 0.199095023 0.480769231 0.395744681 0.329896907 0.49704142 0.162790698 0.4375 0.427947598 0.207100592 0.183574879 0.412060302 0.504672897
