1 0.690721649 0.876876877 0.758964143 0.849019608 0.794661191 0.898594378 0.883233533 0.864390244 0.796969697 0.8820059 0.877227723 0.949748744 0.883417085 0.857142857 0.809950249 0.896896897 0.869910626 0.868186323 0.880039331 0.887887888 0.858398438 0.889880952 0.875862069 0.844641101 0.868917577 0.893849206 0.855759923 0.864654333 0.902489627 0.87388282 0.947052947 0.895384615 0.991744066 0.948012232 0.875621891 0.940162272 0.853174603 0.85827552 0.834825871 0.977505112 0.908908909 0.939363817 0.863547758 0.944111776 0.892137097 0.997920998 0.899497487 0.935194417 1 0.891411649 0.899801587 0.871227364 0.903320313 0.871470302 0.884615385 0.981595092 0.874497992 0.883514314 0.889771599 0.863504356 0.882642998 0.856287425 0.94822335 0.857988166 0.862725451 0.872127872 0.873267327 0.943056943 0.880715706 0.894632207 0.803643725 0.859086492 0.949698189 0.894995093 0.941351889 0.903482587 0.859223301 0.858575727 0.861796644 0.877227723 0.942 0.907480315 0.971340839 0.943943944 0.954591322 0.889771599 0.865269461 0.862135922 0.855855856 0.895895896 0.865191147 0.854207436 0.980572597 0.822 0.873392681 0.94488978 0.840621963 0.954591322 0.971340839 0.877330716 0.856031128 0.91011236 0.855721393 0.904 0.871968962 0.817907445 0.981595092 0.854021847 0.860098522 0.949748744 0.86614937 0.867256637 0.925176946 0.849601594 0.797752809 0.868035191 0.882352941 0.847609562 0.93360161 0.898696088 0.895895896
0.690721649 1 0.703743316 0.768772348 0.702760085 0.798773006 0.713525027 0.682389937 0.689834025 0.744755245 0.705329154 0.702531646 0.673057518 0.691817216 0.692060086 0.728908886 0.696109359 0.695974576 0.68914647 0.706806283 0.702760085 0.68153527 0.683609959 0.712777191 0.693942614 0.694915254 0.691268191 0.703125 0.683505155 0.737961926 0.703821656 0.665334665 0.700325733 0.685071575 0.714736842 0.710779082 0.700729927 0.705376344 0.696485623 0.741360089 0.696098563 0.687435099 0.672344689 0.694386694 0.666 0.702241195 0.690721649 0.701587302 0.691131498 0.690721649 0.693264249 0.68177137 0.698600646 0.68554095 0.694214876 0.669057377 0.679513185 0.698821008 0.691987513 0.693834901 0.676530612 0.668717949 0.696774194 0.680698152 0.697033898 0.699353448 0.719222462 0.678832117 0.663 0.685863874 0.70767613 0.734104046 0.688405797 0.674418605 0.677517803 0.681086519 0.698958333 0.683505155 0.694714132 0.706382979 0.683003128 0.671701913 0.679513185 0.682702149 0.675075681 0.675101215 0.709915612 0.708288482 0.681397739 0.692142088 0.695057834 0.706840391 0.699683878 0.680203046 0.738148984 0.716719915 0.675757576 0.696842105 0.675101215 0.682702149 0.686659772 0.672839506 0.703862661 0.707659115 0.679089027 0.68852459 0.74086758 0.679513185 0.698821008 0.701271186 0.673057518 0.692783505 0.675647668 0.686070686 0.697198276 0.82244143 0.68285124 0.676560901 0.747777778 0.704781705 0.710191083 0.695057834
0.876876877 0.703743316 1 0.830670927 0.888090349 0.783018868 0.928870293 0.934805468 0.892385787 0.860365199 0.922760041 0.8886619 0.868706811 0.897196262 0.92971246 0.847758081 0.929018789 0.976318622 0.955319149 0.926652893 0.911642412 0.890020367 0.882472138 0.922360248 0.891416753 0.915448852 0.905834186 0.896551724 0.894523327 0.923573735 0.918665276 0.877591313 0.930332262 0.871769384 0.869608826 0.930672269 0.851190476 0.922914467 0.938494168 0.866043614 0.864624506 0.897959184 0.898305085 0.901121305 0.878458498 0.930379747 0.875 0.905894519 0.855044074 0.876876877 0.911042945 0.884964682 0.898429319 0.868369352 0.909368635 0.921649485 0.875992063 0.913774974 0.918556701 0.874747475 0.885542169 0.886524823 0.939037433 0.875751503 0.92557652 0.92971246 0.943617021 0.890368852 0.875494071 0.956521739 0.920454545 0.849680171 0.882946519 0.868577075 0.893467337 0.861328125 0.902140673 0.896446701 0.967320261 0.913631634 0.940188877 0.898797595 0.875992063 0.869651741 0.872529644 0.873141724 0.923316062 0.897916667 0.893724696 0.964130435 0.927974948 0.892146597 0.905154639 0.873141724 0.862539349 0.906088751 0.873392681 0.87703252 0.873141724 0.869651741 0.902140673 0.900919305 0.906903766 0.913684211 0.900716479 0.902020202 0.856540084 0.875992063 0.891891892 0.890143737 0.868706811 0.907520325 0.943336831 0.91246138 0.927582535 0.793717277 0.892385787 0.884305835 0.895178197 0.852766798 0.920915713 0.927974948
0.758964143 0.768772348 0.830670927 1 0.792746114 0.851162791 0.818658281 0.820189274 0.828125 0.871972318 0.795709908 0.801242236 0.766336634 0.821845175 0.83512931 0.864349776 0.811458333 0.821729958 0.810471204 0.797338792 0.776180698 0.795477903 0.788343558 0.802061856 0.80104712 0.818756586 0.807216495 0.786004057 0.819027921 0.829880044 0.799376299 0.77173913 0.798087141 0.756435644 0.742800397 0.814270724 0.755244755 0.825159915 0.880743982 0.909502262 0.751724138 0.795897436 0.80583501 0.825363825 0.772502473 0.821164021 0.760717846 0.796891192 0.762092794 0.758964143 0.805128205 0.793068298 0.79936642 0.76129666 0.815005139 0.805555556 0.759131293 0.820212766 0.811789038 0.801030928 0.810644831 0.794268168 0.836206897 0.761238761 0.828571429 0.833153929 0.827659574 0.798963731 0.774801587 0.812108559 0.80785124 0.847727273 0.789205703 0.766105055 0.792929293 0.760039177 0.800204918 0.81714876 0.834594595 0.815320042 0.808731809 0.791374122 0.767857143 0.768231768 0.770069376 0.770377734 0.810362694 0.822340426 0.816494845 0.83171521 0.810416667 0.835675676 0.807692308 0.756410256 0.891032917 0.819895288 0.770833333 0.782564103 0.770377734 0.768231768 0.834029228 0.809917355 0.792887029 0.814225053 0.800205973 0.810204082 0.878270762 0.759131293 0.829946524 0.802289282 0.766336634 0.813333333 0.836670179 0.802061856 0.832974138 0.891509434 0.805555556 0.790862944 0.801696713 0.748514851 0.809375 0.810416667
0.849019608 0.702760085 0.888090349 0.792746114 1 0.732793522 0.926272066 0.892638037 0.899696049 0.840549102 0.896969697 0.925465839 0.84139265 0.908618899 0.914915966 0.847668394 0.918472652 0.884693878 0.89835729 0.910386965 0.880081301 0.926728586 0.91889117 0.908069459 0.959531416 0.930962343 0.907331976 0.951244813 0.903748734 0.880753138 0.960805085 0.890316206 0.847094801 0.853228963 0.86752988 0.912099276 0.880761523 0.898445596 0.874617737 0.835532995 0.858961802 0.90335707 0.857419981 0.922131148 0.891196835 0.899896801 0.847208619 0.897645855 0.85311284 0.849019608 0.922290389 0.915392457 0.90198123 0.890316206 0.903128153 0.869391825 0.846601942 0.937566138 0.929896907 0.922760041 0.902316213 0.915132924 0.898022893 0.837073171 0.891504606 0.922995781 0.92864638 0.93132154 0.893849206 0.884263959 0.904276986 0.803719008 0.925128205 0.841239109 0.883697813 0.855759923 0.923155738 0.907614213 0.898641588 0.951476793 0.880687563 0.875984252 0.9000999 0.845703125 0.852283771 0.84922179 0.908997955 0.954157783 0.906788247 0.895724713 0.919421488 0.89968652 0.942528736 0.84922179 0.88794926 0.937434828 0.845930233 0.951680672 0.84922179 0.845703125 0.915306122 0.887096774 0.837675351 0.927291886 0.84950495 0.895895896 0.862250263 0.846601942 0.925341746 0.970212766 0.84139265 0.899396378 0.874245473 0.883064516 0.908805031 0.79396462 0.907426246 0.906882591 0.896767466 0.856299213 0.924352332 0.919421488
0.794661191 0.798773006 0.783018868 0.851162791 0.732793522 1 0.773760331 0.780665281 0.754545455 0.832191781 0.757575758 0.760736196 0.782038345 0.778242678 0.760710554 0.813671444 0.74898374 0.772821577 0.771221532 0.748490946 0.794549266 0.729 0.766326531 0.754563895 0.742067554 0.76446281 0.766802444 0.729166667 0.742742743 0.794594595 0.756923077 0.76266137 0.819565217 0.790010194 0.785200411 0.760288066 0.774489796 0.748194014 0.770031217 0.825136612 0.78680203 0.761178862 0.773453094 0.755555556 0.761668322 0.755670103 0.794661191 0.7875 0.772316951 0.794661191 0.761375126 0.758585859 0.780359029 0.748768473 0.74974975 0.781538462 0.783619818 0.76907001 0.760406091 0.764285714 0.737103175 0.759634888 0.750778816 0.791581109 0.744897959 0.755208333 0.761658031 0.76386037 0.765702891 0.784008307 0.763747454 0.871944121 0.744232698 0.781818182 0.751744766 0.770149254 0.758341759 0.741 0.788072417 0.754098361 0.782608696 0.780463243 0.762237762 0.793244626 0.780463243 0.784412955 0.766087845 0.751033058 0.740518962 0.796791444 0.74796748 0.796791444 0.747208122 0.784412955 0.810989011 0.74796748 0.779456193 0.733870968 0.784412955 0.793244626 0.745983936 0.746223565 0.794708995 0.750517598 0.774358974 0.743793446 0.826621924 0.783619818 0.770920502 0.741869919 0.782038345 0.746506986 0.771047228 0.792746114 0.769716088 0.888095238 0.758097166 0.765419616 0.762054507 0.776422764 0.766700925 0.74796748
0.898594378 0.713525027 0.928870293 0.818658281 0.926272066 0.773760331 1 0.93736952 0.924257932 0.84 0.925357873 0.916752312 0.89009901 0.925809822 0.9181532 0.864442127 0.923632611 0.921161826 0.921243523 0.929230769 0.934306569 0.906313646 0.929969104 0.924974306 0.907962771 0.912190083 0.944099379 0.920570265 0.934291581 0.918085106 0.943455497 0.91226321 0.908613445 0.89332004 0.881881882 0.925233645 0.899091826 0.901656315 0.916839917 0.874870734 0.901098901 0.922131148 0.904761905 0.925281474 0.913173653 0.926931106 0.89669007 0.930425753 0.900497512 0.898594378 0.939300412 0.92244898 0.903225806 0.906560636 0.953512397 0.918367347 0.895626243 0.924528302 0.947095436 0.931888545 0.932653061 0.904665314 0.905208333 0.888 0.906378601 0.916142558 0.929842932 0.920536636 0.910179641 0.934511435 0.959247649 0.835429769 0.924335378 0.889990089 0.913393756 0.904856293 0.956340956 0.936279548 0.926004228 0.932291667 0.930641822 0.928355197 0.920443102 0.896896897 0.89395441 0.900299103 0.962264151 0.944973545 0.937371663 0.920969442 0.922600619 0.916929548 0.923632611 0.896517413 0.897245763 0.942648592 0.887351779 0.906857728 0.900299103 0.896896897 0.956340956 0.897876643 0.895876289 0.910416667 0.897669706 0.945696721 0.871443625 0.895626243 0.926547744 0.92834891 0.89009901 0.947530864 0.913934426 0.930927835 0.912041885 0.82962963 0.93814433 0.929519918 0.896049896 0.870425321 0.97037037 0.922600619
0.883233533 0.682389937 0.934805468 0.820189274 0.892638037 0.780665281 0.93736952 1 0.904568528 0.857294995 0.917346939 0.883603239 0.878698225 0.909657321 0.93015873 0.866108787 0.907692308 0.922996878 0.949420443 0.907520325 0.898461538 0.896446701 0.908163265 0.914959016 0.901859504 0.912008282 0.910295617 0.889558233 0.898989899 0.913829787 0.921161826 0.891304348 0.914466737 0.879960317 0.853754941 0.913133402 0.864945382 0.907388137 0.912681913 0.849693252 0.872781065 0.918032787 0.898909812 0.886432161 0.888450148 0.940990516 0.881355932 0.936325678 0.875984252 0.883233533 0.896169355 0.891348089 0.895119418 0.885714286 0.907987867 0.94807892 0.884158416 0.908333333 0.903455285 0.900305188 0.891891892 0.887210473 0.912997904 0.882117882 0.906185567 0.93015873 0.923640167 0.898773006 0.89484127 0.950630252 0.928865979 0.852598091 0.930113052 0.876725838 0.897897898 0.869395712 0.918283963 0.897073663 0.929936306 0.896516393 0.94665272 0.908908909 0.899201597 0.877855015 0.880670611 0.881305638 0.931747673 0.90842872 0.894366197 0.937167199 0.906666667 0.881075491 0.888324873 0.883168317 0.869246862 0.90862423 0.879684418 0.895005097 0.881305638 0.877855015 0.912423625 0.893832154 0.903526971 0.900311526 0.912998976 0.898797595 0.853556485 0.884158416 0.910323253 0.904419322 0.878698225 0.904233871 0.923632611 0.924819773 0.928042328 0.808176101 0.946058091 0.937307297 0.864754098 0.84097561 0.937434828 0.906666667
0.864390244 0.689834025 0.892385787 0.828125 0.899696049 0.754545455 0.924257932 0.904568528 1 0.815195072 0.899201597 0.886886887 0.889324192 0.895218718 0.897330595 0.835532995 0.884 0.879518072 0.883417085 0.901 0.911314985 0.892 0.903517588 0.906344411 0.910860656 0.882293763 0.90562249 0.898406375 0.919354839 0.887163561 0.894949495 0.881553398 0.872579001 0.863106796 0.857282502 0.883417085 0.881305638 0.898773006 0.919670443 0.870408163 0.877929688 0.896 0.881668283 0.92020202 0.880582524 0.900203666 0.862573099 0.890342052 0.890303624 0.864390244 0.891757696 0.904 0.87525355 0.894428152 0.918674699 0.901901902 0.88 0.891946993 0.898898899 0.907258065 0.902584493 0.88667992 0.884811417 0.868756121 0.922997947 0.907120743 0.902962206 0.892354125 0.884990253 0.884769539 0.935648621 0.825773196 0.909638554 0.887365328 0.912350598 0.902056807 0.91733871 0.915492958 0.885363357 0.901622718 0.883116883 0.900590551 0.896653543 0.882989184 0.885742188 0.901283317 0.930612245 0.931392931 0.908908909 0.882533197 0.883 0.880612245 0.893467337 0.877192982 0.870867769 0.935251799 0.892156863 0.905870445 0.901283317 0.882989184 0.934893184 0.893213573 0.862725451 0.889908257 0.898696088 0.913260219 0.843942505 0.88 0.895812053 0.909460834 0.889324192 0.916833667 0.893681043 0.902512563 0.899176955 0.793846154 0.911468813 0.90329013 0.872081218 0.862573099 0.938208033 0.883
0.796969697 0.744755245 0.860365199 0.871972318 0.840549102 0.832191781 0.84 0.857294995 0.815195072 1 0.833333333 0.831765935 0.793413174 0.863293864 0.863192182 0.898074745 0.836477987 0.860962567 0.855165069 0.821833162 0.802481903 0.823834197 0.839248434 0.840125392 0.851495726 0.859893048 0.841501564 0.819487179 0.817435897 0.848087432 0.843551797 0.813253012 0.827438371 0.792377131 0.789473684 0.857142857 0.766467066 0.858836207 0.852406417 0.871287129 0.785643071 0.827979275 0.811623246 0.829369183 0.808617234 0.852564103 0.795156408 0.850635593 0.769685039 0.796969697 0.824074074 0.82492276 0.868335147 0.804195804 0.811608961 0.857142857 0.793206793 0.865800866 0.830912863 0.837160752 0.81097561 0.82815735 0.866304348 0.795753286 0.846235419 0.87131952 0.855305466 0.858660999 0.81470292 0.858660999 0.828838174 0.886075949 0.830403309 0.793206793 0.807886754 0.783251232 0.820987654 0.81557377 0.883259912 0.84835631 0.855026455 0.8190091 0.831632653 0.791959799 0.791832669 0.795795796 0.831425598 0.845989305 0.813074566 0.890607735 0.835429769 0.874041621 0.840336134 0.794 0.901472254 0.837355719 0.792622134 0.843157895 0.795795796 0.791959799 0.820987654 0.834719335 0.831389183 0.855603448 0.821096174 0.805050505 0.912643678 0.793206793 0.869848156 0.8407173 0.793413174 0.80995935 0.848421053 0.851735016 0.885588559 0.852233677 0.837837838 0.830072091 0.836909871 0.780780781 0.830543933 0.835429769
0.8820059 0.705329154 0.922760041 0.795709908 0.896969697 0.757575758 0.925357873 0.917346939 0.899201597 0.833333333 1 0.88988989 0.873908826 0.902140673 0.892638037 0.825604839 0.915736041 0.929012346 0.899797571 0.960865088 0.887437186 0.902610442 0.898898899 0.987421384 0.881168177 0.910295617 0.910552764 0.93414387 0.912738215 0.894190871 0.913441955 0.891812865 0.866125761 0.880626223 0.884158416 0.923155738 0.873156342 0.896024465 0.893509128 0.852674067 0.89380531 0.902805611 0.906771344 0.894527363 0.890838207 0.924819773 0.880157171 0.910659898 0.889540567 0.8820059 0.906093906 0.905094905 0.899487179 0.914201183 0.927492447 0.897308076 0.882926829 0.893075356 0.913393756 0.902610442 0.9055666 0.885912698 0.937238494 0.877210216 0.894949495 0.914167528 0.935684647 0.884 0.889756098 0.916581892 0.940695297 0.806517312 0.910732197 0.871968962 0.900197628 0.879227053 0.908817635 0.914658635 0.898148148 0.910478128 0.912867275 0.886829268 0.899606299 0.863945578 0.868599034 0.867376573 0.935648621 0.906762295 0.908091908 0.90505676 0.914720812 0.86653185 0.919633774 0.88195122 0.847250509 0.914720812 0.86763285 0.891675025 0.867376573 0.863945578 0.916498994 0.911468813 0.877016129 0.920372285 0.877227723 0.92007992 0.839468303 0.882926829 0.879676441 0.90091001 0.873908826 0.923694779 0.908173562 0.907444668 0.910123967 0.795081967 0.901098901 0.893069307 0.892418033 0.872798434 0.927402863 0.914720812
0.877227723 0.702531646 0.8886619 0.801242236 0.925465839 0.760736196 0.916752312 0.883603239 0.886886887 0.831765935 0.88988989 1 0.860058309 0.931034483 0.917364017 0.873563218 0.916923077 0.885279188 0.885395538 0.908906883 0.875 0.890231621 0.929158111 0.895055499 0.905252317 0.93736952 0.896273917 0.89669007 0.889 0.877466251 0.918556701 0.909632572 0.853509664 0.872173058 0.892570281 0.906666667 0.898390342 0.879591837 0.890593047 0.872296601 0.879802956 0.917431193 0.88172043 0.930399181 0.910536779 0.896516393 0.87537092 0.919670443 0.868292683 0.877227723 0.938461538 0.921668362 0.924449108 0.903960396 0.894105894 0.864490603 0.874509804 0.946088795 0.93025641 0.94507772 0.895209581 0.905870445 0.892672859 0.859528487 0.872983871 0.897515528 0.917012448 0.90797546 0.907554672 0.884848485 0.902834008 0.799180328 0.900302115 0.859922179 0.880552813 0.867248062 0.906060606 0.894684052 0.895228216 0.941544885 0.881287726 0.897029703 0.896825397 0.868239921 0.86381323 0.871694417 0.905583756 0.937960042 0.901507538 0.894300518 0.917864476 0.920168067 0.932781799 0.873529412 0.880628272 0.911975435 0.850241546 0.898373984 0.871694417 0.868239921 0.907987867 0.878243513 0.836653386 0.903726708 0.84660767 0.896414343 0.894680851 0.874509804 0.915712799 0.927536232 0.860058309 0.892323031 0.880522088 0.896969697 0.889576883 0.798755187 0.911764706 0.911200807 0.8875129 0.882820258 0.907048008 0.917864476
0.949748744 0.673057518 0.868706811 0.766336634 0.84139265 0.782038345 0.89009901 0.878698225 0.889324192 0.793413174 0.873908826 0.860058309 1 0.867719645 0.847440945 0.802747792 0.873653281 0.86372549 0.863858962 0.868344627 0.896414343 0.852459016 0.874269006 0.864209505 0.853228963 0.859099804 0.870873786 0.853448276 0.874878758 0.87639311 0.867647059 0.917153996 0.879154079 0.948 0.90990099 0.852969815 0.906219151 0.858128079 0.866863905 0.843564356 0.936507937 0.898422091 0.930392157 0.862934363 0.914313535 0.885572139 0.947791165 0.900398406 0.909356725 0.949748744 0.874031008 0.880350195 0.857566766 0.896817743 0.888997079 0.90990099 0.963855422 0.864490603 0.873540856 0.874146341 0.87367406 0.870873786 0.844793713 0.927363184 0.873891626 0.860257681 0.865877712 0.861598441 0.913255361 0.87992126 0.904950495 0.818181818 0.860308285 0.997957099 0.894071914 0.98489426 0.885742188 0.874878758 0.854311199 0.852140078 0.878312071 0.950248756 0.886210222 0.957703927 0.987829615 0.976744186 0.901980198 0.855457227 0.870531401 0.849802372 0.872673849 0.855302279 0.846525097 0.966800805 0.814595661 0.874509804 0.978787879 0.833173538 0.976744186 0.957703927 0.885742188 0.86447241 0.903225806 0.853346457 0.935548842 0.882125604 0.808721506 0.963855422 0.83902439 0.843326886 1 0.883608147 0.875733855 0.925851703 0.84729064 0.78335005 0.861969112 0.876089061 0.838076546 0.922695738 0.890207715 0.872673849
0.883417085 0.691817216 0.897196262 0.821845175 0.908618899 0.778242678 0.925809822 0.909657321 0.895218718 0.863293864 0.902140673 0.931034483 0.867719645 1 0.930703625 0.904301075 0.908057851 0.891752577 0.886036961 0.892385787 0.864097363 0.881338742 0.938413361 0.907502569 0.906152242 0.936642027 0.912641316 0.88028169 0.910951894 0.893955461 0.911642412 0.902902903 0.861427094 0.878243513 0.866733467 0.92557652 0.87248996 0.88992731 0.905109489 0.880628272 0.863636364 0.920454545 0.884158416 0.896236012 0.905717151 0.907194995 0.883417085 0.940990516 0.876114965 0.883417085 0.900305188 0.918807811 0.965292842 0.912474849 0.892929293 0.88372093 0.88247012 0.939232409 0.907692308 0.967126193 0.903651116 0.92450879 0.905362776 0.865403789 0.881147541 0.912354805 0.908045977 0.94720169 0.906532663 0.89907312 0.911522634 0.825263158 0.908904811 0.867588933 0.907801418 0.860351563 0.910860656 0.903160041 0.912076271 0.920585162 0.897330595 0.890219561 0.90716448 0.874251497 0.864173228 0.87029703 0.90647482 0.939297125 0.906218145 0.921276596 0.908996898 0.948220065 0.912008282 0.881474104 0.889243876 0.920915713 0.872403561 0.908996898 0.87029703 0.874251497 0.920700309 0.903787103 0.849746193 0.9106204 0.854145854 0.895266868 0.914036997 0.88247012 0.953813104 0.926701571 0.867719645 0.889224572 0.896516393 0.921325052 0.920382166 0.809725159 0.916666667 0.916069601 0.87642783 0.85728444 0.905991736 0.908996898
0.857142857 0.692060086 0.92971246 0.83512931 0.914915966 0.760710554 0.9181532 0.93015873 0.897330595 0.863192182 0.892638037 0.917364017 0.847440945 0.930703625 1 0.876068376 0.906347555 0.927966102 0.93418259 0.890593047 0.881320949 0.894953656 0.912772586 0.888205128 0.914466737 0.92690678 0.912953368 0.889908257 0.903391572 0.906350915 0.917981073 0.865479723 0.896918172 0.861415753 0.84063745 0.895941727 0.83714002 0.914103924 0.921527041 0.857142857 0.846989141 0.902992776 0.871159564 0.896410256 0.864490603 0.925690021 0.855289421 0.913089005 0.841176471 0.857142857 0.904419322 0.889795918 0.911702128 0.871031746 0.895005097 0.903192585 0.854599407 0.937701396 0.911917098 0.914672216 0.894201424 0.903092784 0.926045016 0.852295409 0.906806283 0.945828819 0.916402116 0.903225806 0.868917577 0.927291886 0.913811007 0.838502674 0.905252317 0.84729064 0.879275654 0.840311587 0.917098446 0.903391572 0.943539631 0.922995781 0.915360502 0.877122877 0.884422111 0.848214286 0.856719368 0.851778656 0.916666667 0.941935484 0.902564103 0.942516269 0.907291667 0.915508021 0.914315569 0.853610287 0.877267876 0.919287212 0.857566766 0.907291667 0.851778656 0.848214286 0.917098446 0.894250513 0.87253886 0.908898305 0.882413088 0.891590679 0.885405405 0.854599407 0.923240938 0.919032597 0.847440945 0.895112016 0.916492693 0.897938144 0.931108719 0.790084388 0.905154639 0.889114954 0.870563674 0.831527094 0.920251836 0.907291667
0.809950249 0.728908886 0.847758081 0.864349776 0.847668394 0.813671444 0.864442127 0.866108787 0.835532995 0.898074745 0.825604839 0.873563218 0.802747792 0.904301075 0.876068376 1 0.84742268 0.842650104 0.85625 0.832826748 0.80831643 0.829268293 0.879040667 0.830284553 0.852664577 0.864779874 0.850409836 0.823115578 0.843336724 0.845415778 0.850622407 0.831349206 0.815816857 0.805335968 0.793650794 0.854318418 0.799204771 0.84430512 0.853556485 0.913186813 0.791585127 0.859793814 0.817109145 0.836548223 0.832174777 0.85177453 0.808151093 0.87710084 0.794921875 0.809950249 0.840609137 0.843336724 0.877136752 0.833167825 0.833669355 0.822580645 0.807881773 0.876595745 0.847492323 0.878914405 0.836693548 0.856115108 0.853375527 0.799801784 0.832304527 0.858201058 0.85639413 0.86743215 0.834661355 0.840534979 0.851129363 0.863485017 0.860226105 0.802554028 0.846464646 0.796116505 0.843177189 0.839593909 0.865671642 0.859228363 0.838974359 0.831673307 0.825870647 0.801383399 0.806483301 0.80511811 0.853759011 0.874734607 0.838905775 0.864749734 0.848297214 0.922063666 0.851239669 0.808678501 0.929292929 0.852119959 0.807276303 0.838809035 0.80511811 0.801383399 0.852610031 0.83808554 0.804902962 0.858649789 0.802802803 0.828828829 0.967667436 0.807881773 0.898815931 0.857440166 0.802747792 0.831991952 0.83828045 0.86053719 0.863974495 0.847268673 0.885297185 0.884854772 0.846153846 0.785083415 0.845360825 0.848297214
0.896896897 0.696109359 0.929018789 0.811458333 0.918472652 0.74898374 0.923632611 0.907692308 0.884 0.836477987 0.915736041 0.916923077 0.873653281 0.908057851 0.906347555 0.84742268 1 0.923316062 0.909558068 0.953367876 0.870221328 0.920163767 0.912423625 0.915306122 0.912099276 0.936325678 0.916496945 0.911021234 0.912867275 0.894129979 0.933471933 0.914342629 0.869609856 0.891650099 0.910750507 0.968220339 0.893574297 0.884339816 0.901234568 0.852191641 0.876968504 0.902834008 0.897435897 0.915650407 0.915254237 0.903292181 0.895 0.901020408 0.869140625 0.896896897 0.945417096 0.910931174 0.897515528 0.886162905 0.912209889 0.887775551 0.89395441 0.928721174 0.945191313 0.90070922 0.911379658 0.924335378 0.919371728 0.878848064 0.892966361 0.918324607 0.962805526 0.914784394 0.91226321 0.908904811 0.925204918 0.813016529 0.880358923 0.873529412 0.905905906 0.86627907 0.924489796 0.903225806 0.918067227 0.924430642 0.903258656 0.911177645 0.899602386 0.887673956 0.87745098 0.883629191 0.928057554 0.906832298 0.908173562 0.913089005 0.998929336 0.883505155 0.915897436 0.89484127 0.873695198 0.908997955 0.878312071 0.897357724 0.883629191 0.887673956 0.910840932 0.923312883 0.865384615 0.938818565 0.869521912 0.91064257 0.846473029 0.89395441 0.918665276 0.920536636 0.873653281 0.908450704 0.906313646 0.901722391 0.904266389 0.792140641 0.90110999 0.90060241 0.906152242 0.896896897 0.921730175 0.998929336
0.869910626 0.695974576 0.976318622 0.821729958 0.884693878 0.772821577 0.921161826 0.922996878 0.879518072 0.860962567 0.929012346 0.885279188 0.86372549 0.891752577 0.927966102 0.842650104 0.923316062 1 0.953439153 0.930927835 0.900205761 0.902040816 0.882946519 0.926652893 0.891864058 0.911825726 0.902339776 0.912423625 0.90070922 0.913646055 0.917012448 0.878072763 0.916313559 0.864891519 0.85898709 0.922916667 0.837254902 0.911180773 0.928571429 0.858908342 0.85966634 0.890688259 0.893069307 0.89959432 0.877089479 0.92864638 0.868055556 0.902363823 0.841239109 0.869910626 0.907520325 0.896865521 0.890965732 0.86888454 0.911675127 0.914110429 0.867256637 0.914136126 0.914959016 0.873366834 0.891675025 0.898477157 0.951768489 0.874376869 0.917879418 0.925925926 0.937697994 0.888888889 0.875984252 0.962923729 0.928719008 0.840549102 0.872127872 0.863591757 0.893893894 0.856450048 0.896761134 0.90070922 0.958963283 0.912008282 0.948583421 0.891650099 0.872781065 0.860946746 0.865686275 0.864440079 0.931606218 0.892450879 0.897979798 0.953713671 0.922279793 0.888657648 0.921325052 0.868110236 0.857291667 0.902564103 0.866535819 0.875631951 0.864440079 0.860946746 0.898682877 0.905198777 0.901349948 0.926160338 0.893401015 0.904330312 0.849372385 0.867256637 0.886480908 0.8886619 0.86372549 0.909827761 0.939520334 0.910860656 0.919746568 0.78526971 0.885196375 0.877245509 0.877973113 0.85152409 0.915289256 0.922279793
0.868186323 0.68914647 0.955319149 0.810471204 0.89835729 0.771221532 0.921243523 0.949420443 0.883417085 0.855165069 0.899797571 0.885395538 0.863858962 0.886036961 0.93418259 0.85625 0.909558068 0.953439153 1 0.901622718 0.908152735 0.894416244 0.884964682 0.895431472 0.901758014 0.894250513 0.902439024 0.902834008 0.885542169 0.915778252 0.923076923 0.872673849 0.922505308 0.874257426 0.855445545 0.903192585 0.846456693 0.921301154 0.918580376 0.847648262 0.85798237 0.892712551 0.883858268 0.880641926 0.871694417 0.920668058 0.866336634 0.902464066 0.84496124 0.868186323 0.890342052 0.885542169 0.885211996 0.865365854 0.900201613 0.918116684 0.867387033 0.904266389 0.897565923 0.875376884 0.876739563 0.892821031 0.914915966 0.865213082 0.925964546 0.93418259 0.92557652 0.887080366 0.870588235 0.952631579 0.91889117 0.848516949 0.898785425 0.861900098 0.880834161 0.854791868 0.910386965 0.885542169 0.954790097 0.892528147 0.938477581 0.888007929 0.872906404 0.861083744 0.873156342 0.864573111 0.92371134 0.896480331 0.882882883 0.949570815 0.908530319 0.879007239 0.884381339 0.87007874 0.859375 0.91246138 0.872173058 0.889114954 0.864573111 0.861083744 0.891129032 0.884189325 0.885802469 0.89626556 0.897357724 0.893 0.84375 0.867387033 0.884654995 0.892638037 0.863858962 0.898390342 0.923553719 0.912909836 0.923890063 0.787344398 0.910295617 0.902020202 0.860798362 0.846229187 0.921325052 0.908530319
0.880039331 0.706806283 0.926652893 0.797338792 0.910386965 0.748490946 0.929230769 0.907520325 0.901 0.821833162 0.960865088 0.908906883 0.868344627 0.892385787 0.890593047 0.832826748 0.953367876 0.930927835 0.901622718 1 0.883534137 0.921827411 0.904522613 0.960662526 0.8982706 0.91215526 0.908542714 0.94393476 0.922300706 0.888198758 0.925128205 0.904715128 0.867886179 0.876832845 0.908634538 0.949064449 0.895418327 0.888211382 0.895325203 0.846928499 0.87890625 0.887562189 0.891812865 0.915407855 0.90560472 0.912909836 0.878192534 0.906693712 0.88023369 0.880039331 0.935025381 0.906906907 0.881993896 0.897260274 0.929364279 0.887785501 0.88097561 0.902663934 0.934760449 0.893 0.905472637 0.910462777 0.921079958 0.880788177 0.889112903 0.904222451 0.955928646 0.891457286 0.902654867 0.90872211 0.950617284 0.798984772 0.887896825 0.866408519 0.901980198 0.87367406 0.918346774 0.918429003 0.9 0.924102564 0.905050505 0.895976447 0.899507389 0.872922776 0.864864865 0.876338851 0.945529291 0.898876404 0.90990991 0.895169579 0.952331606 0.868287741 0.933333333 0.88 0.858461538 0.918533605 0.871124031 0.891566265 0.876338851 0.872922776 0.918346774 0.917171717 0.873111782 0.930280957 0.873392681 0.921921922 0.831804281 0.88097561 0.894897959 0.920245399 0.868344627 0.927492447 0.890890891 0.915065723 0.890481064 0.793032787 0.901 0.89296333 0.91987513 0.896825397 0.929303279 0.952331606
0.887887888 0.702760085 0.911642412 0.776180698 0.880081301 0.794549266 0.934306569 0.898461538 0.911314985 0.802481903 0.887437186 0.875 0.896414343 0.864097363 0.881320949 0.80831643 0.870221328 0.900205761 0.908152735 0.883534137 1 0.87638191 0.876506024 0.886868687 0.883316274 0.870314083 0.893832154 0.875373878 0.877122877 0.900634249 0.900410678 0.869990225 0.944206009 0.886454183 0.871257485 0.867676768 0.895959596 0.869387755 0.882292733 0.8336714 0.8998999 0.882293763 0.875612145 0.885427136 0.870841487 0.890143737 0.886 0.882233503 0.888007929 0.887887888 0.891348089 0.882765531 0.857433809 0.879174853 0.903128153 0.901622718 0.902 0.883744856 0.898580122 0.874497992 0.875868918 0.85629336 0.865030675 0.886773547 0.887640449 0.883264463 0.885128205 0.874747475 0.867906067 0.915376677 0.919917864 0.875402793 0.897876643 0.894422311 0.879960317 0.90936255 0.903651116 0.884653962 0.900627615 0.891615542 0.901840491 0.887128713 0.87944664 0.888111888 0.900299103 0.90672016 0.924742268 0.897515528 0.883883884 0.897703549 0.869215292 0.868448099 0.883485309 0.902902903 0.846949328 0.895918367 0.891757696 0.880566802 0.90672016 0.888111888 0.899797571 0.851632047 0.890721649 0.858739837 0.911975435 0.895895896 0.823892894 0.902 0.864562118 0.880203046 0.896414343 0.899396378 0.88562753 0.89260385 0.879256966 0.809024134 0.892028254 0.884 0.865641026 0.861796644 0.926348548 0.869215292
0.858398438 0.68153527 0.890020367 0.795477903 0.926728586 0.729 0.906313646 0.896446701 0.892 0.823834197 0.902610442 0.890231621 0.852459016 0.881338742 0.894953656 0.829268293 0.920163767 0.902040816 0.894416244 0.921827411 0.87638191 1 0.882235529 0.913705584 0.936392075 0.906857728 0.905241935 0.940695297 0.892215569 0.892596455 0.917864476 0.901477833 0.851214575 0.864390244 0.84765625 0.919753086 0.864173228 0.896410256 0.876643074 0.828657315 0.857419981 0.886113886 0.879377432 0.902512563 0.902366864 0.915463918 0.858398438 0.893724696 0.84985563 0.858398438 0.906532663 0.899799599 0.874745418 0.890303624 0.887896825 0.888223553 0.872195122 0.907120743 0.906155399 0.880239521 0.883399209 0.914893617 0.927748691 0.862745098 0.916752312 0.945031712 0.934306569 0.893832154 0.90504451 0.903455285 0.915736041 0.813786008 0.92284264 0.852316602 0.91008991 0.852490421 0.903517588 0.890329013 0.894628099 0.910951894 0.897876643 0.877929688 0.861299709 0.847868217 0.863372093 0.865758755 0.920489297 0.903292181 0.887673956 0.889804325 0.919140225 0.870540265 0.920163767 0.873046875 0.878125 0.905487805 0.864209505 0.921106557 0.865758755 0.847868217 0.897795591 0.890890891 0.858433735 0.93907563 0.879361914 0.880905512 0.833846154 0.872195122 0.905154639 0.914959016 0.852459016 0.886138614 0.885656971 0.892570281 0.930672269 0.789311408 0.893893894 0.885912698 0.869653768 0.836872587 0.908350305 0.919140225
0.889880952 0.683609959 0.882472138 0.788343558 0.91889117 0.766326531 0.929969104 0.908163265 0.903517588 0.839248434 0.898898899 0.929158111 0.874269006 0.938413361 0.912772586 0.879040667 0.912423625 0.882946519 0.884964682 0.904522613 0.876506024 0.882235529 1 0.896482412 0.902763562 0.916752312 0.920812183 0.892430279 0.921052632 0.869341564 0.906218145 0.907206318 0.856997972 0.884729064 0.880834161 0.898373984 0.892215569 0.871587462 0.869215292 0.838028169 0.892398815 0.9168357 0.874031008 0.898797595 0.906219151 0.892166836 0.888007929 0.926954733 0.895566502 0.889880952 0.922064777 0.938712972 0.919791667 0.91857001 0.903096903 0.882703777 0.887033399 0.913133402 0.921747967 0.96049896 0.913741224 0.913043478 0.882533197 0.877591313 0.865134865 0.89311408 0.889114954 0.929012346 0.910802775 0.899696049 0.925586137 0.819587629 0.911290323 0.874146341 0.900695134 0.888780488 0.932721713 0.915237134 0.894736842 0.916923077 0.897979798 0.911618669 0.936491935 0.888229476 0.868932039 0.891625616 0.920570265 0.937238494 0.908634538 0.903626943 0.913353721 0.913541667 0.908536585 0.887905605 0.858908342 0.923155738 0.869776482 0.921187308 0.891625616 0.888229476 0.924873096 0.915906788 0.840119166 0.889570552 0.851815505 0.89781746 0.878279119 0.887033399 0.923076923 0.930856553 0.874269006 0.901296112 0.893360161 0.907987867 0.894953656 0.808091286 0.94057377 0.95781893 0.864097363 0.871316306 0.936016512 0.913353721
0.875862069 0.712777191 0.922360248 0.802061856 0.908069459 0.754563895 0.924974306 0.914959016 0.906344411 0.840125392 0.987421384 0.895055499 0.864209505 0.907502569 0.888205128 0.830284553 0.915306122 0.926652893 0.895431472 0.960662526 0.886868687 0.913705584 0.896482412 1 0.890132248 0.917695473 0.908173562 0.935779817 0.910372608 0.89958159 0.912998976 0.893137255 0.863543788 0.874509804 0.879841112 0.934715026 0.8743818 0.905252317 0.900716479 0.859470468 0.883972468 0.908080808 0.896957802 0.901606426 0.894013739 0.924430642 0.874015748 0.914110429 0.888998035 0.875862069 0.90562249 0.910372608 0.904860393 0.921393035 0.925176946 0.894894895 0.876832845 0.89835729 0.912955466 0.909827761 0.903193613 0.889110889 0.938947368 0.869223206 0.906026558 0.9217119 0.947534103 0.891019173 0.891069676 0.916155419 0.938398357 0.805527124 0.918016194 0.862269641 0.907278166 0.869565217 0.906438632 0.912298387 0.895661157 0.917864476 0.912423625 0.884427032 0.897233202 0.861463415 0.86073501 0.864917396 0.933333333 0.912190083 0.905717151 0.902590674 0.914285714 0.871559633 0.927104723 0.875855327 0.854059609 0.922131148 0.859767892 0.90070922 0.864917396 0.861463415 0.916076845 0.909090909 0.868819374 0.921956296 0.876616915 0.91775326 0.844329897 0.876832845 0.886734694 0.906218145 0.864209505 0.921370968 0.907707911 0.910840932 0.919624217 0.799586777 0.906344411 0.898203593 0.901656315 0.868498528 0.925051335 0.914285714
0.844641101 0.693942614 0.891416753 0.80104712 0.959531416 0.742067554 0.907962771 0.901859504 0.910860656 0.851495726 0.881168177 0.905252317 0.853228963 0.906152242 0.914466737 0.852664577 0.912099276 0.891864058 0.901758014 0.8982706 0.883316274 0.936392075 0.902763562 0.890132248 1 0.924528302 0.897148676 0.930856553 0.891700405 0.890063425 0.960596379 0.882294758 0.859649123 0.843444227 0.84470821 0.913631634 0.859561753 0.899895725 0.88556701 0.838445808 0.84195122 0.897043833 0.860351563 0.900203666 0.881305638 0.909280501 0.842829077 0.904958678 0.83446273 0.844641101 0.900406504 0.889787664 0.89947644 0.873031496 0.885427136 0.893401015 0.858546169 0.935175345 0.907786885 0.904615385 0.882765531 0.902962206 0.903462749 0.847140039 0.918580376 0.936965812 0.932346723 0.922916667 0.885799404 0.889457523 0.913580247 0.829293994 0.912909836 0.851272016 0.89637827 0.851456311 0.899287894 0.889787664 0.904109589 0.928721174 0.887755102 0.869822485 0.876984127 0.843137255 0.85518591 0.861220472 0.91838843 0.925026399 0.887096774 0.901156677 0.913043478 0.897166842 0.920041537 0.861220472 0.889361702 0.917012448 0.854207436 0.955555556 0.861220472 0.843137255 0.895431472 0.882709808 0.846153846 0.924867725 0.874873865 0.878364905 0.859556494 0.858546169 0.93107105 0.95749203 0.853228963 0.883650953 0.879310345 0.893985729 0.922505308 0.787278415 0.899185336 0.891019173 0.882414152 0.8374143 0.908057851 0.913043478
0.868917577 0.694915254 0.915448852 0.818756586 0.930962343 0.76446281 0.912190083 0.912008282 0.882293763 0.859893048 0.910295617 0.93736952 0.859099804 0.936642027 0.92690678 0.864779874 0.936325678 0.911825726 0.894250513 0.91215526 0.870314083 0.906857728 0.916752312 0.917695473 0.924528302 1 0.907142857 0.899797571 0.899696049 0.892405063 0.929989551 0.895729891 0.863917526 0.863905325 0.869130869 0.93802521 0.867397807 0.886480908 0.913451512 0.861713106 0.856862745 0.916837782 0.882758621 0.939896373 0.896620278 0.913541667 0.867063492 0.917098446 0.851022395 0.868917577 0.952133195 0.913265306 0.925925926 0.89197225 0.899091826 0.891809909 0.866273353 0.977272727 0.960125918 0.928571429 0.907894737 0.91889117 0.917808219 0.858555885 0.885480573 0.914736842 0.94485684 0.947423764 0.899302094 0.91322314 0.904081633 0.825995807 0.921025641 0.858961802 0.883466135 0.851887706 0.895748988 0.905487805 0.910432034 0.974331551 0.909465021 0.88877855 0.901803607 0.859960552 0.86287953 0.86345776 0.906857728 0.933403805 0.906598985 0.921610169 0.937304075 0.915522703 0.965042373 0.865290069 0.88971368 0.911340206 0.84922179 0.907407407 0.86345776 0.859960552 0.913176711 0.904179409 0.85786802 0.925105485 0.864 0.895687061 0.881789137 0.866273353 0.939490446 0.933054393 0.859099804 0.897280967 0.916494845 0.896236012 0.912631579 0.80293501 0.913087935 0.904761905 0.896551724 0.857847976 0.904419322 0.937304075
0.893849206 0.691268191 0.905834186 0.807216495 0.907331976 0.766802444 0.944099379 0.910295617 0.90562249 0.841501564 0.910552764 0.896273917 0.870873786 0.912641316 0.912953368 0.850409836 0.916496945 0.902339776 0.902439024 0.908542714 0.893832154 0.905241935 0.920812183 0.908173562 0.897148676 0.907142857 1 0.902097902 0.934893184 0.900835073 0.906408952 0.905511811 0.878198567 0.890532544 0.879207921 0.906313646 0.868239921 0.889002037 0.896130346 0.840201005 0.898221344 0.901606426 0.903732809 0.912386707 0.906403941 0.907881269 0.893849206 0.899797571 0.89205103 0.893849206 0.931979695 0.919273461 0.896303901 0.890625 0.920523139 0.901803607 0.892822026 0.911340206 0.939611054 0.924643585 0.937183384 0.911290323 0.912008282 0.883399209 0.88989899 0.916926272 0.910677618 0.911495422 0.909090909 0.913441955 0.935582822 0.82371134 0.915322581 0.870748299 0.921843687 0.885325559 0.944728762 0.930964467 0.920668058 0.926954733 0.907801418 0.908011869 0.928857715 0.884729064 0.874635569 0.880742913 0.938461538 0.93132154 0.932048682 0.911734164 0.915478615 0.897938144 0.918450561 0.891838741 0.872670807 0.925281474 0.8828125 0.905775076 0.880742913 0.884729064 0.934826884 0.900702106 0.875757576 0.899487179 0.891 0.924698795 0.849484536 0.892822026 0.917269907 0.925051335 0.870873786 0.92641129 0.920570265 0.915906788 0.906928645 0.814122534 0.921052632 0.912738215 0.870050761 0.867906067 0.932168551 0.915478615
